2186.659 2194.116
2107.692 2116.149
2130.289 2140.057
2103.872 2109.827
2113.478 2121.335
2114.747 2119.973
2116.551 2122.932
2111.692 2115.562
2108.108 2112.489
2103.554 2106.176
2115.357 2124.931
2100.480 2104.358
2112.493 2119.393
2138.115 2141.955
2123.688 2127.955
2145.971 2149.381
2119.795 2123.856
2093.334 2097.422
2117.615 2124.065
2110.557 2113.334
2112.613 2119.394
2107.356 2110.630
2095.217 2101.632
2157.473 2161.458
2115.432 2121.250
2097.153 2102.222
2148.570 2155.149
2141.905 2151.666
2113.417 2119.740
2090.330 2094.701
2100.704 2105.213
2108.134 2117.936
2108.668 2114.614
2088.951 2092.324
2087.569 2093.508
2108.520 2114.287
2118.481 2123.135
2159.304 2167.520
2132.664 2136.070
2129.446 2145.211
2108.992 2114.195
2123.255 2129.654
2111.688 2116.366
2109.326 2112.532
2104.498 2114.072
2145.246 2149.848
2123.124 2126.510
2130.019 2134.937
2099.305 2106.543
2111.535 2116.643
2119.035 2121.665
2112.984 2116.245
2091.226 2097.676
2122.705 2131.375
2120.673 2122.850
2106.165 2112.136
2130.076 2134.819
2093.998 2100.559
2143.998 2146.982
2106.242 2109.758
2098.625 2101.648
2119.662 2124.508
2128.686 2134.042
2119.249 2124.038
2135.236 2142.936
2109.781 2121.258
2108.257 2112.890
2092.794 2099.235
2100.212 2102.823
2106.878 2109.787
2135.582 2139.222
2141.827 2144.990
2093.945 2100.533
2120.883 2126.430
2117.262 2118.909
2109.848 2112.323
2121.070 2125.846
2092.113 2095.112
2124.968 2130.754
2103.042 2108.624
2108.563 2113.062
2095.442 2102.538
2107.212 2112.873
2114.552 2121.146
2112.193 2116.714
2082.306 2085.180
2096.827 2101.331
2116.772 2124.639
2107.729 2113.226
2107.764 2113.333
2113.958 2117.573
2102.461 2106.316
2109.798 2113.017
2112.376 2119.467
2114.278 2125.070
2115.439 2123.532
2119.737 2122.753
2143.321 2152.373