49.767
32.048
42.159
30.862
26.622
28.601
38.397
26.976
33.029
17.325
26.683
27.493
28.890
29.622
35.846
35.221
20.650
24.795
32.365
29.202
15.058
35.882
29.465
29.767
17.632
26.875
30.505
31.139
25.967
28.622
12.738
32.092
31.863
12.691
31.244
62.799
30.726
25.677
28.544
27.774
30.658
37.889
47.453
34.149
26.735
17.504
28.211
32.835
21.451
36.713
35.603
38.167
34.653
40.827
28.898
37.150
32.890
28.612
25.206
25.294
25.594
33.730
32.582
31.911
44.683
34.077
43.765
13.422
26.635
14.238
36.697
31.874
26.977
32.034
31.224
24.386
25.780
31.985
28.262
32.104
16.738
28.621
29.252
41.817
16.961
24.611
24.354
31.553
26.047
31.882
31.118
35.833
13.595
32.706
25.304
30.779
26.836
30.398
25.180
31.717
