0.480
0.363
0.394
0.624
0.326
0.319
0.322
0.426
0.595
0.443
0.283
0.223
0.308
0.280
0.279
0.374
0.806
0.555
0.267
0.395
0.462
0.296
0.260
0.384
0.257
0.256
0.316
0.251
0.274
0.224
0.224
0.238
0.339
0.715
0.270
0.283
0.290
0.329
0.216
0.210
0.243
0.220
0.220
0.250
0.189
0.190
0.193
0.218
0.269
0.375
0.261
0.253
0.270
0.312
0.779
0.437
0.273
0.985
0.483
0.308
0.394
0.379
0.319
0.300
0.457
0.278
0.536
0.260
0.266
0.255
0.254
0.287
0.232
0.194
0.240
0.269
0.247
0.270
0.221
0.248
0.224
0.205
0.209
0.674
0.336
0.243
0.454
0.553
0.273
0.300
0.239
0.262
0.243
0.272
0.251
0.220
0.231
0.213
0.243
0.316
