2164.909 2174.598
2119.234 2122.069
2154.377 2159.732
2129.392 2132.473
2129.024 2131.067
2166.552 2169.193
2122.837 2124.858
2154.559 2156.751
2146.530 2147.620
2167.863 2170.350
2170.480 2174.226
2095.313 2097.903
2138.297 2141.729
2168.609 2174.514
2116.288 2118.359
2152.178 2155.831
2111.565 2113.672
2164.713 2166.554
2109.150 2112.025
2153.525 2155.870
2174.456 2177.916
2143.388 2149.631
2121.013 2123.624
2145.452 2148.840
2123.622 2126.569
2143.294 2145.198
2163.934 2166.670
2158.643 2160.665
2139.974 2141.820
2156.183 2158.043
2136.246 2139.028
2101.745 2102.018
2156.637 2157.570
2156.946 2158.723
2108.916 2112.202
2135.809 2139.376
2108.160 2109.992
2150.910 2152.385
2122.821 2125.211
2155.362 2158.546
2165.371 2168.496
2140.421 2141.087
2158.043 2160.584
2128.360 2130.202
2156.943 2159.729
2107.963 2109.785
2134.673 2136.922
2164.952 2166.421
2105.524 2110.460
2153.545 2155.227
2148.371 2150.251
2168.652 2173.645
2157.827 2159.605
2123.505 2125.429
2146.911 2147.829
2149.762 2151.573
2083.330 2087.332
2150.790 2152.881
2186.132 2188.322
2136.955 2138.337
2166.724 2168.889
2107.407 2109.337
2131.499 2133.159
2116.773 2118.866
2115.835 2117.900
2177.539 2180.426
2165.774 2167.468
2155.115 2157.352
2157.993 2160.530
2145.917 2147.987
2150.911 2151.933
2142.245 2144.507
2128.927 2135.840
2113.458 2114.645
2154.325 2159.328
2133.539 2138.544
2115.196 2116.862
2144.287 2148.695
2167.185 2168.527
2150.955 2152.574
2150.996 2153.159
2153.302 2154.970
2140.301 2143.064
2112.228 2113.731
2127.800 2129.892
2121.036 2124.461
2128.520 2131.724
2147.046 2151.103
2132.253 2136.843
2143.554 2148.396
2128.280 2132.612
2112.275 2113.674
2096.576 2099.428
2120.808 2122.127
2116.720 2125.694
2161.475 2177.920
2132.364 2133.777
2112.817 2115.321
2156.268 2158.708
2323.385 2326.293