2199.825 2209.468
2129.390 2131.278
2167.207 2169.016
2134.149 2136.972
2125.039 2126.134
2125.587 2129.609
2085.003 2086.657
2140.150 2141.974
2097.551 2099.666
2117.194 2119.794
2131.041 2132.742
2126.985 2127.980
2140.984 2143.829
2095.787 2099.771
2086.207 2088.563
2133.716 2136.562
2130.049 2130.582
2115.864 2118.124
2140.803 2142.748
2128.658 2130.480
2118.492 2119.572
2110.104 2111.298
2132.735 2132.837
2123.356 2124.272
2096.056 2096.973
2098.067 2099.095
2118.364 2119.479
2146.108 2156.294
2124.943 2127.884
2120.635 2121.895
2136.828 2137.270
2133.324 2135.149
2117.563 2118.703
2148.030 2149.647
2125.417 2126.819
2119.945 2123.182
2124.557 2125.641
2136.398 2138.888
2132.890 2138.512
2120.986 2122.183
2131.695 2133.545
2104.202 2105.842
2103.797 2106.324
2117.148 2120.029
2129.156 2131.271
2130.777 2131.704
2091.009 2094.404
2124.274 2126.879
2146.027 2146.981
2115.696 2118.888
2105.437 2107.201
2101.802 2102.876
2144.213 2145.878
2088.978 2090.694
2096.784 2098.588
2103.298 2107.333
2141.747 2142.728
2108.588 2110.362
2075.524 2080.505
2074.368 2076.497
2123.802 2126.816
2102.601 2105.725
2126.342 2127.042
2109.873 2112.737
2102.529 2103.948
2128.175 2130.135
2105.761 2107.940
2120.388 2124.889
2128.172 2132.202
2130.944 2132.323
2138.698 2140.171
2089.186 2090.695
2134.626 2136.636
2121.999 2124.944
2102.828 2104.255
2139.782 2140.995
2146.188 2148.403
2117.185 2117.941
2132.452 2139.649
2138.391 2141.342
2129.995 2133.736
2112.131 2113.271
2122.348 2123.373
2136.720 2137.962
2112.330 2116.147
2102.780 2113.720
2104.298 2105.663
2115.994 2120.493
2128.248 2131.267
2112.150 2112.945
2101.221 2101.607
2143.407 2144.777
2114.020 2115.807
2110.885 2112.609
2100.238 2102.247
2115.970 2117.107
3870.423 3900.118
2187.597 2199.189
2143.389 2151.240
2193.062 2202.809
2176.020 2197.347
2218.316 2227.727
2293.604 2303.911
