1689251053760867000 1689251054096152000
1689251058116944000 1689251058255832000
1689251062278367000 1689251062405838000
1689251066422930000 1689251066536639000
1689251070558912000 1689251070720256000
1689251074736788000 1689251074894856000
1689251078914739000 1689251079024884000
1689251083061612000 1689251083226796000
1689251087249643000 1689251087377344000
1689251091412979000 1689251091579163000
1689251095616377000 1689251095775319000
1689251099798680000 1689251099948733000
1689251103980524000 1689251104181692000
1689251108222468000 1689251108395921000
1689251112427317000 1689251112546979000
1689251116574278000 1689251116747232000
1689251120773497000 1689251120918434000
1689251124951262000 1689251125118152000
1689251129152128000 1689251129320836000
1689251133359297000 1689251133525825000
1689251137554816000 1689251137717757000
1689251141751031000 1689251141911419000
1689251145943252000 1689251146124059000
1689251150145515000 1689251150292751000
1689251154320256000 1689251154453432000
1689251158479935000 1689251158632086000
1689251162666730000 1689251162816261000
1689251166840004000 1689251166964013000
1689251170996271000 1689251171167885000
1689251175194504000 1689251175325771000
1689251179365732000 1689251179510745000
1689251183550845000 1689251183727354000
1689251187757272000 1689251187926284000
1689251191955338000 1689251192125041000
1689251196160116000 1689251196301627000
1689251200340724000 1689251200528632000
1689251204554503000 1689251204704201000
1689251208724780000 1689251208868920000
1689251212896516000 1689251213055954000
1689251217081353000 1689251217214866000
1689251221234890000 1689251221343523000
1689251225373880000 1689251225522076000
1689251229544961000 1689251229667352000
1689251233698770000 1689251233863518000
1689251237891667000 1689251238053830000
1689251242081418000 1689251242237513000
1689251246254837000 1689251246380847000
1689251250407656000 1689251250542196000
1689251254565883000 1689251254745524000
1689251258767725000 1689251258897499000
1689251262919727000 1689251263044936000
1689251267070194000 1689251267216944000
1689251271234527000 1689251271363050000
1689251275391239000 1689251275532616000
1689251279549573000 1689251279692088000
1689251283712946000 1689251283843972000
1689251287873439000 1689251288025787000
1689251292054472000 1689251292215653000
1689251296235962000 1689251296370080000
1689251300392918000 1689251300519265000
1689251304532977000 1689251304712042000
1689251308733010000 1689251308873139000
1689251312901725000 1689251313074455000
1689251317106446000 1689251317241403000
1689251321261193000 1689251321401633000
1689251325427972000 1689251325569159000
1689251329610253000 1689251329788421000
1689251333818867000 1689251334022127000
1689251338059152000 1689251338224746000
1689251342255414000 1689251342416450000
1689251346444315000 1689251346577454000
1689251350612890000 1689251350772621000
1689251354804361000 1689251354953649000
1689251358992865000 1689251359151078000
1689251363196027000 1689251363356975000
1689251367382492000 1689251367522677000
1689251371549257000 1689251371708252000
1689251375742778000 1689251375924611000
1689251379941506000 1689251380087778000
1689251384118010000 1689251384271042000
1689251388294537000 1689251388453080000
1689251392484361000 1689251392657757000
1689251396685857000 1689251396837852000
1689251400860125000 1689251400995778000
1689251405028793000 1689251405182298000
1689251409202948000 1689251409323433000
1689251413348082000 1689251413475015000
1689251417502206000 1689251417663636000
1689251421686398000 1689251421817351000
1689251425846998000 1689251426018505000
1689251430047395000 1689251430199271000
1689251434225909000 1689251434379349000
1689251438408389000 1689251438558820000
1689251442592699000 1689251442748797000
1689251446771422000 1689251446900729000
1689251450929258000 1689251451091503000
1689251455125653000 1689251455314664000
1689251459351615000 1689251459512618000
1689251463536799000 1689251463668315000
1689251467703068000 1689251467864299000

1689258314882545000 1689258315088845000
1689258319117807000 1689258319331863000
1689258323348449000 1689258323495307000
1689258327516829000 1689258327686355000
1689258331699675000 1689258331857183000
1689258335886016000 1689258336022618000
1689258340044177000 1689258340157646000
1689258344177859000 1689258344334265000
1689258348361802000 1689258348518201000
1689258352532645000 1689258352690783000
1689258356709196000 1689258356850199000
1689258360880440000 1689258361036546000
1689258365080656000 1689258365238855000
1689258369256504000 1689258369411965000
1689258373440314000 1689258373596424000
1689258377611198000 1689258377757304000
1689258381788346000 1689258381938380000
1689258385956121000 1689258386096716000
1689258390118274000 1689258390274131000
1689258394296512000 1689258394432659000
1689258398460400000 1689258398629573000
1689258402662205000 1689258402805296000
1689258406839118000 1689258406962984000
1689258410996612000 1689258411157657000
1689258415187063000 1689258415345309000
1689258419373157000 1689258419500205000
1689258423525994000 1689258423694350000
1689258427730246000 1689258427889121000
1689258431925696000 1689258432071138000
1689258436100987000 1689258436257487000
1689258440288010000 1689258440454460000
1689258444489987000 1689258444651812000
1689258448683811000 1689258448828209000
1689258452877551000 1689258453043064000
1689258457080517000 1689258457253641000
1689258461283397000 1689258461432020000
