232173
156385
126801
142406
161430
164749
159577
130919
167288
124186
156833
157559
161257
127587
118059
137116
145052
153960
154994
155683
144759
181985
188839
183196
176002
148353
195282
169341
172194
160191
186331
132921
150231
123774
132389
135980
132544
137422
114671
144059
130631
162311
148780
115329
139137
160358
138279
163168
150589
147792
151210
171255
161395
195409
137665
137868
171575
140888
168524
164783
140667
146616
133650
186747
142163
183264
178056
122176
157182
144071
194216
173902
164336
165678
133600
169140
176328
131291
176144
136531
122683
145308
163198
189892
187297
140171
152530
135577
166346
147072
146811
198060
129151
184503
182001
149352
146443
143711
129892
118679
