
1689251060316563000 1689251060333839000
1689251064497322000 1689251064500939000
1689251068599649000 1689251068602283000
1689251072816935000 1689251072819850000
1689251076952689000 1689251076959315000
1689251081098212000 1689251081101270000
1689251085309378000 1689251085327915000
1689251089456134000 1689251089459594000
1689251093634837000 1689251093641000000
1689251097849682000 1689251097853636000
1689251102011467000 1689251102016825000
1689251106247508000 1689251106251070000
1689251110465069000 1689251110469834000
1689251114630269000 1689251114644871000
1689251118821521000 1689251118826351000
1689251122979121000 1689251122984063000
1689251127201601000 1689251127206403000
1689251131382151000 1689251131384787000
1689251135623454000 1689251135627080000
1689251139813116000 1689251139829400000
1689251143992551000 1689251143999435000
1689251148191380000 1689251148196257000
1689251152342597000 1689251152348848000
1689251156522150000 1689251156529365000
1689251160726214000 1689251160731726000
1689251164884103000 1689251164891582000
1689251169047766000 1689251169052347000
1689251173251690000 1689251173260244000
1689251177399892000 1689251177404555000
1689251181615689000 1689251181619456000
1689251185817584000 1689251185826427000
1689251189996609000 1689251190003706000
1689251194212763000 1689251194219083000
1689251198353590000 1689251198356615000
1689251202579055000 1689251202582058000
1689251206782991000 1689251206797828000
1689251210937100000 1689251210950484000
1689251215151966000 1689251215158108000
1689251219289863000 1689251219302026000
1689251223405371000 1689251223410788000
1689251227592900000 1689251227597297000
1689251231725748000 1689251231731427000
1689251235939891000 1689251235944871000
1689251240113489000 1689251240119460000
1689251244319585000 1689251244325193000
1689251248470734000 1689251248480517000
1689251252638507000 1689251252644110000
1689251256821009000 1689251256829891000
1689251260971438000 1689251260976211000
1689251265121396000 1689251265131934000
1689251269309561000 1689251269314944000
1689251273415699000 1689251273422334000
1689251277614830000 1689251277617957000
1689251281791475000 1689251281797895000
1689251285910134000 1689251285916960000
1689251290125733000 1689251290131112000
1689251294284126000 1689251294286842000
1689251298458448000 1689251298466005000
1689251302585797000 1689251302589859000
1689251306777097000 1689251306782641000
1689251310941164000 1689251310947148000
1689251315139169000 1689251315145925000
1689251319323680000 1689251319328037000
1689251323482364000 1689251323488825000
1689251327650361000 1689251327655448000
1689251331878693000 1689251331888273000
1689251336077042000 1689251336088732000
1689251340318181000 1689251340329713000
1689251344509771000 1689251344518498000
1689251348697324000 1689251348723953000
1689251352871596000 1689251352882114000
1689251357036367000 1689251357050620000
1689251361227661000 1689251361231625000
1689251365462125000 1689251365468507000
1689251369612731000 1689251369620552000
1689251373801886000 1689251373811774000
1689251377991746000 1689251377997290000
1689251382172146000 1689251382182403000
1689251386350315000 1689251386354014000
1689251390549316000 1689251390554892000
1689251394745517000 1689251394749963000
1689251398897904000 1689251398901580000
1689251403064090000 1689251403068564000
1689251407229013000 1689251407232790000
1689251411377908000 1689251411384223000
1689251415546132000 1689251415556200000
1689251419773848000 1689251419779078000
1689251423897900000 1689251423902144000
1689251428115621000 1689251428121006000
1689251432256983000 1689251432262720000
1689251436451489000 1689251436460765000
1689251440652611000 1689251440656708000
1689251444839258000 1689251444858991000
1689251448995948000 1689251449003732000
1689251453200043000 1689251453206062000
1689251457370185000 1689251457389488000
1689251461604198000 1689251461617479000
1689251465753252000 1689251465767242000
1689251469913862000 1689251469933471000

1689258317173071000 1689258317189443000
1689258321428472000 1689258321431649000
1689258325578307000 1689258325583720000
1689258329752652000 1689258329757448000
1689258333951786000 1689258333956511000
1689258338090430000 1689258338094471000
1689258342226424000 1689258342233744000
1689258346412596000 1689258346416341000
1689258350593425000 1689258350596254000
1689258354789159000 1689258354793524000
1689258358931097000 1689258358991730000
1689258363097932000 1689258363104983000
1689258367307241000 1689258367321099000
1689258371472905000 1689258371479451000
1689258375678580000 1689258375681537000
1689258379845481000 1689258379854237000
1689258384002072000 1689258384007039000
1689258388169260000 1689258388179940000
1689258392346599000 1689258392353779000
1689258396499180000 1689258396503318000
1689258400697209000 1689258400701849000
1689258404870766000 1689258404877908000
1689258409029985000 1689258409036452000
1689258413220689000 1689258413225346000
1689258417441435000 1689258417446207000
1689258421585463000 1689258421591247000
1689258425782523000 1689258425789269000
1689258429976186000 1689258429984452000
1689258434167508000 1689258434172571000
1689258438334744000 1689258438339528000
1689258442550074000 1689258442554682000
1689258446747590000 1689258446758018000
1689258450893214000 1689258450899363000
1689258455122190000 1689258455130785000
1689258459345533000 1689258459353225000
1689258463492154000 1689258463498942000
