208846
128335
105963
90691
106382
89067
109515
135046
136654
137997
152682
119584
128852
112346
108644
110152
159923
131506
128270
141601
109746
123105
137666
133405
113112
123886
115168
127204
95844
136346
101512
112500
116454
134367
137029
137900
139865
143820
146811
116388
131699
103782
131783
140034
152729
121272
125839
127546
108840
102916
104141
102932
118927
113428
111781
112091
85404
89178
119064
86565
104643
98891
96306
115266
118615
108899
120687
82259
121402
114857
128839
114124
122912
93606
103310
117249
101334
100869
99115
117828
119762
116484
104489
109477
75317
116932
103476
135589
101052
119496
98324
102681
109204
88879
105636
113904
127111
125503
123332
106567
234933
127206
