335.2850
138.8880
127.4710
113.7090
161.3440
158.0680
110.1450
165.1840
127.7010
166.1840
158.9420
150.0530
201.1680
173.4530
119.6620
172.9540
144.9370
166.8900
168.7080
166.5280
162.9410
160.3880
180.8070
147.2360
133.1760
152.1510
149.5310
124.0090
171.6140
131.2670
145.0130
176.5090
169.0120
169.7030
141.5110
187.9080
149.6980
144.1400
159.4380
133.5130
108.6330
148.1960
122.3910
164.7480
162.1630
156.0950
126.0100
134.5400
179.6410
129.7740
125.2090
146.7500
128.5230
141.3770
142.5150
131.0260
152.3480
161.1810
134.1180
126.3470
179.0650
140.1290
172.7300
134.9570
140.4400
141.1870
178.1680
203.2600
165.5940
161.0360
133.1390
159.7310
149.2880
158.2130
160.9480
140.1850
158.9950
181.8330
146.2720
153.0320
158.5430
173.3960
151.9950
135.6530
153.5050
120.4850
126.9330
161.4300
130.9530
171.5070
151.8760
153.4400
150.4310
156.0980
129.3070
162.2450
189.0110
161.0030
131.5160
161.2310
206.3000
214.0560
146.8580
169.5260
157.5080
136.6020
113.4690
156.4060
156.3990
158.1380
141.0030
156.1060
158.1990
155.4610
156.1100
146.1060
150.0340
140.5950
155.8570
136.1470
169.1730
143.0910
123.8660
161.0450
158.2460
127.0480
168.3560
158.8750
145.4420
156.5000
166.4500
161.8250
144.3980
165.5130
173.1240
148.6230