17.2760
3.6170
2.6340
2.9150
6.6260
3.0580
18.5370
3.4600
6.1630
3.9540
5.3580
3.5620
4.7650
14.6020
4.8300
4.9420
4.8020
2.6360
3.6260
16.2840
6.8840
4.8770
6.2510
7.2150
5.5120
7.4790
4.5810
8.5540
4.6630
3.7670
8.8430
7.0970
6.3200
3.0250
3.0030
14.8370
13.3840
6.1420
12.1630
5.4170
4.3970
5.6790
4.9800
5.9710
5.6080
9.7830
5.6030
8.8820
4.7730
10.5380
5.3830
6.6350
3.1270
6.4200
6.8260
5.3790
2.7160
7.5570
4.0620
5.5440
5.9840
6.7560
4.3570
6.4610
5.0870
9.5800
11.6900
11.5320
8.7270
26.6290
10.5180
14.2530
3.9640
6.3820
7.8210
9.8880
5.5440
10.2570
3.6990
5.5760
4.4460
3.6760
4.4740
3.7770
6.3150
10.0680
5.2300
4.2440
5.3850
5.7370
9.2760
4.0970
19.7330
7.7840
6.0190
19.3030
13.2810
13.9900
19.6090
16.3720
3.1770
5.4130
4.7960
4.7250
4.0410
7.3200
3.7450
2.8290
4.3650
60.6330
7.0510
13.8580
6.5460
2.9570
8.7560
4.9670
10.6800
7.1800
4.1380
4.6400
7.1420
6.4670
4.6570
4.7720
5.7840
6.7460
8.2660
5.0630
4.7840
4.6080
10.4280
6.1490
8.5950
7.6920
6.7880