0.0036
0.0013
0.0013
0.0015
0.0016
0.0016
0.0018
0.0016
0.0020
0.0016
0.0026
0.0014
0.0035
0.0013
0.0032
0.0024
0.0015
0.0051
0.0024
0.0018
0.0014
0.0017
0.0020
0.0021
0.0014
0.0023
0.0029
0.0018
0.0022
0.0029
0.0014
0.0017
0.0014
0.0019
0.0027
0.0074
0.0022
0.0014
0.0014
0.0013
0.0020
0.0021
0.0060
0.0031
0.0017
0.0021
0.0015
0.0027
0.0022
0.0018
0.0018
0.0022
0.0019
0.0015
0.0024
0.0014
0.0015
0.0017
0.0015
0.0016
0.0018
0.0014
0.0018
0.0014
0.0020
0.0021
0.0014
0.0017
0.0017
0.0017
0.0015
0.0025
0.0015
0.0017
0.0014
0.0014
0.0016
0.0021
0.0021
0.0016
0.0021
0.0015
0.0023
0.0017
0.0016
0.0017
0.0016
0.0017
0.0022
0.0019
0.0019
0.0020
0.0020
0.0016
0.0018
0.0022
0.0019
0.0023
0.0024
0.0025