232.173
156.385
126.801
142.406
161.430
164.749
159.577
130.919
167.288
124.186
156.833
157.559
161.257
127.587
118.059
137.116
145.052
153.960
154.994
155.683
144.759
181.985
188.839
183.196
176.002
148.353
195.282
169.341
172.194
160.191
186.331
132.921
150.231
123.774
132.389
135.980
132.544
137.422
114.671
144.059
130.631
162.311
148.780
115.329
139.137
160.358
138.279
163.168
150.589
147.792
151.210
171.255
161.395
195.409
137.665
137.868
171.575
140.888
168.524
164.783
140.667
146.616
133.650
186.747
142.163
183.264
178.056
122.176
157.182
144.071
194.216
173.902
164.336
165.678
133.600
169.140
176.328
131.291
176.144
136.531
122.683
145.308
163.198
189.892
187.297
140.171
152.530
135.577
166.346
147.072
146.811
198.060
129.151
184.503
182.001
149.352
146.443
143.711
129.892
118.679