208.846
128.335
105.963
90.691
106.382
89.067
109.515
135.046
136.654
137.997
152.682
119.584
128.852
112.346
108.644
110.152
159.923
131.506
128.270
141.601
109.746
123.105
137.666
133.405
113.112
123.886
115.168
127.204
95.844
136.346
101.512
112.500
116.454
134.367
137.029
137.900
139.865
143.820
146.811
116.388
131.699
103.782
131.783
140.034
152.729
121.272
125.839
127.546
108.840
102.916
104.141
102.932
118.927
113.428
111.781
112.091
85.404
89.178
119.064
86.565
104.643
98.891
96.306
115.266
118.615
108.899
120.687
82.259
121.402
114.857
128.839
114.124
122.912
93.606
103.310
117.249
101.334
100.869
99.115
117.828
119.762
116.484
104.489
109.477
75.317
116.932
103.476
135.589
101.052
119.496
98.324
102.681
109.204
88.879
105.636
113.904
127.111
125.503
123.332
106.567
234.933
127.206