194.0250
153.3090
137.8620
159.2470
151.5500
139.9450
147.8180
141.7320
181.1610
136.7440
136.5550
129.6140
134.9690
136.2640
151.6470
140.6880
151.9270
160.2610
151.9270
171.5170
169.5040
169.0620
161.3170
147.9550
162.8620
161.4140
144.0250
157.1970
107.3630
168.8300
168.0750
172.6370
164.5560
173.6810
135.7510
148.3490
146.4100
169.7720
143.7120
164.7870
169.0570
166.7060
174.6030
182.2910
145.8970
163.2030
136.3970
168.2020
196.4740
138.3480
178.7860
126.5240
154.8890
175.9630
123.7460
147.3520
133.4010
198.4000
166.7200
158.5830
157.1380
168.0380
180.4540
153.1730
173.9230
215.5820
153.2550
156.9030
182.0200
130.0210
176.8070
148.2000
169.5030
177.7740
149.0150
153.6610
158.3010
172.3790
158.4160
146.8110
174.6350
185.6920
166.2250
159.8550
153.9350
148.5070
167.1740
146.1080
160.2430
149.9920
117.8770
198.2590
136.3680
181.9960
160.0020
190.0470
146.2940
143.0470
168.8460
185.0280