1689558851024685000 1689558851304099000
1689558855331727000 1689558855485036000
1689558859505971000 1689558859643833000
1689558863673181000 1689558863832428000
1689558867859744000 1689558868011294000
1689558872040449000 1689558872180394000
1689558876202485000 1689558876350303000
1689558880367252000 1689558880508984000
1689558884529356000 1689558884710517000
1689558888727412000 1689558888864156000
1689558892882657000 1689558893019212000
1689558897043335000 1689558897172949000
1689558901199344000 1689558901334313000
1689558905351695000 1689558905487959000
1689558909514796000 1689558909666443000
1689558913686835000 1689558913827523000
1689558917851529000 1689558918003456000
1689558922037906000 1689558922198167000
1689558926224798000 1689558926376725000
1689558930412852000 1689558930584369000
1689558934623634000 1689558934793138000
1689558938815054000 1689558938984116000
1689558943020243000 1689558943181560000
1689558947213722000 1689558947361677000
1689558951394549000 1689558951557411000
1689558955591744000 1689558955753158000
1689558959783176000 1689558959927201000
1689558963956280000 1689558964113477000
1689558968128373000 1689558968235736000
1689558972270116000 1689558972438946000
1689558976469421000 1689558976637496000
1689558980670451000 1689558980843088000
1689558984875654000 1689558985040210000
1689558989073104000 1689558989246785000
1689558993269826000 1689558993405577000
1689558997433710000 1689558997582059000
1689559001621300000 1689559001767710000
1689559005796684000 1689559005966456000
1689559009992635000 1689559010136347000
1689559014175218000 1689559014340005000
1689559018373500000 1689559018542557000
1689559022580007000 1689559022746713000
1689559026780409000 1689559026955012000
1689559030985916000 1689559031168207000
1689559035194612000 1689559035340509000
1689559039373957000 1689559039537160000
1689559043568161000 1689559043704558000
1689559047735128000 1689559047903330000
1689559051939117000 1689559052135591000
1689559056166178000 1689559056304526000
1689559060340132000 1689559060518918000
1689559064548601000 1689559064675125000
1689559068710833000 1689559068865722000
1689559072903019000 1689559073078982000
1689559077108751000 1689559077232497000
1689559081259846000 1689559081407198000
1689559085438124000 1689559085571525000
1689559089613128000 1689559089811528000
1689559093846595000 1689559094013315000
1689559098058472000 1689559098217055000
1689559102256380000 1689559102413518000
1689559106446262000 1689559106614300000
1689559110648642000 1689559110829096000
1689559114867039000 1689559115020212000
1689559119052127000 1689559119226050000
1689559123260272000 1689559123475854000
1689559127511185000 1689559127664440000
1689559131693890000 1689559131850793000
1689559135882034000 1689559136064054000
1689559140081008000 1689559140211029000
1689559144236602000 1689559144413409000
1689559148440140000 1689559148588340000
1689559152625369000 1689559152794872000
1689559156829325000 1689559157007099000
1689559161030876000 1689559161179891000
1689559165208345000 1689559165362006000
1689559169393647000 1689559169551948000
1689559173590994000 1689559173763373000
1689559177789612000 1689559177948028000
1689559181982573000 1689559182129384000
1689559186167918000 1689559186342553000
1689559190377565000 1689559190563257000
1689559194596193000 1689559194762418000
1689559198796770000 1689559198956625000
1689559202989595000 1689559203143530000
1689559207171524000 1689559207320031000
1689559211353771000 1689559211520945000
1689559215544106000 1689559215690214000
1689559219722357000 1689559219882600000
1689559223917875000 1689559224067867000
1689559228089061000 1689559228206938000
1689559232240505000 1689559232438764000
1689559236468135000 1689559236604503000
1689559240633094000 1689559240815090000
1689559244843876000 1689559245003878000
1689559249040762000 1689559249230809000
1689559253259545000 1689559253405839000
1689559257432879000 1689559257575926000
1689559261606256000 1689559261775102000
1689559265805761000 1689559265990789000
