80975
105154
119505
137007
87646
124155
140129
112858
132486
143977
121699
116814
122481
86660
143105
129299
114871
98817
111569
102983
119608
124593
136080
125099
116251
133374
101517
126535
119104
107694
111844
84799
128498
123030
133037
120165
104641
98379
120652
109634
159070
113063
100369
140855
103618
152116
163131
114357
117091
142902
119821
139853
102255
126656
105910
130763
125521
94169
145180
136664
115530
136733
133361
131663
154866
151089
122887
132297
96567
147736
108070
125362
110734
102794
139301
107538
121535
139909
105064
132284
142691
96461
132461
105862
111247
139890
100554
116843
130159
164210
106375
139822
130154
155576
108147
139031
83899
95533
141777
121551
