80.9750
105.1540
119.5050
137.0070
87.6460
124.1550
140.1290
112.8580
132.4860
143.9770
121.6990
116.8140
122.4810
86.6600
143.1050
129.2990
114.8710
98.8170
111.5690
102.9830
119.6080
124.5930
136.0800
125.0990
116.2510
133.3740
101.5170
126.5350
119.1040
107.6940
111.8440
84.7990
128.4980
123.0300
133.0370
120.1650
104.6410
98.3790
120.6520
109.6340
159.0700
113.0630
100.3690
140.8550
103.6180
152.1160
163.1310
114.3570
117.0910
142.9020
119.8210
139.8530
102.2550
126.6560
105.9100
130.7630
125.5210
94.1690
145.1800
136.6640
115.5300
136.7330
133.3610
131.6630
154.8660
151.0890
122.8870
132.2970
96.5670
147.7360
108.0700
125.3620
110.7340
102.7940
139.3010
107.5380
121.5350
139.9090
105.0640
132.2840
142.6910
96.4610
132.4610
105.8620
111.2470
139.8900
100.5540
116.8430
130.1590
164.2100
106.3750
139.8220
130.1540
155.5760
108.1470
139.0310
83.8990
95.5330
141.7770
121.5510