232.1730
156.3850
126.8010
142.4060
161.4300
164.7490
159.5770
130.9190
167.2880
124.1860
156.8330
157.5590
161.2570
127.5870
118.0590
137.1160
145.0520
153.9600
154.9940
155.6830
144.7590
181.9850
188.8390
183.1960
176.0020
148.3530
195.2820
169.3410
172.1940
160.1910
186.3310
132.9210
150.2310
123.7740
132.3890
135.9800
132.5440
137.4220
114.6710
144.0590
130.6310
162.3110
148.7800
115.3290
139.1370
160.3580
138.2790
163.1680
150.5890
147.7920
151.2100
171.2550
161.3950
195.4090
137.6650
137.8680
171.5750
140.8880
168.5240
164.7830
140.6670
146.6160
133.6500
186.7470
142.1630
183.2640
178.0560
122.1760
157.1820
144.0710
194.2160
173.9020
164.3360
165.6780
133.6000
169.1400
176.3280
131.2910
176.1440
136.5310
122.6830
145.3080
163.1980
189.8920
187.2970
140.1710
152.5300
135.5770
166.3460
147.0720
146.8110
198.0600
129.1510
184.5030
182.0010
149.3520
146.4430
143.7110
129.8920
118.6790