208.8460
128.3350
105.9630
90.6910
106.3820
89.0670
109.5150
135.0460
136.6540
137.9970
152.6820
119.5840
128.8520
112.3460
108.6440
110.1520
159.9230
131.5060
128.2700
141.6010
109.7460
123.1050
137.6660
133.4050
113.1120
123.8860
115.1680
127.2040
95.8440
136.3460
101.5120
112.5000
116.4540
134.3670
137.0290
137.9000
139.8650
143.8200
146.8110
116.3880
131.6990
103.7820
131.7830
140.0340
152.7290
121.2720
125.8390
127.5460
108.8400
102.9160
104.1410
102.9320
118.9270
113.4280
111.7810
112.0910
85.4040
89.1780
119.0640
86.5650
104.6430
98.8910
96.3060
115.2660
118.6150
108.8990
120.6870
82.2590
121.4020
114.8570
128.8390
114.1240
122.9120
93.6060
103.3100
117.2490
101.3340
100.8690
99.1150
117.8280
119.7620
116.4840
104.4890
109.4770
75.3170
116.9320
103.4760
135.5890
101.0520
119.4960
98.3240
102.6810
109.2040
88.8790
105.6360
113.9040
127.1110
125.5030
123.3320
106.5670
234.9330
127.2060